Factor Quality Summary
Date Range: 20230101 ~ 20241231
Target: ret_fwd_5d = close(T+5)/close(T)-1 (per stock), factors shifted by 1 day
Factors Source: /Users/zhuzhuxia/Documents/SZU_w4/factors_data/all_factors_20200101_20241231.parquet
Price Source: /Users/zhuzhuxia/Documents/SZU_w4/pre_data/cleaned_stock_data.parquet
Computed At: 2025-12-27 22:14:53

Total Factors Evaluated: 40

Top Factors (sorted by |IC_mean|, then IR)
          factor  n_dates   ic_mean   ic_std        ir     t_stat  ic_pos_rate  missing_rate
 hl_ratio_smooth      478 -0.081385 0.179902 -0.452385  -9.890589     0.282427      0.003470
          vol_20      478 -0.077140 0.168542 -0.457686 -10.006484     0.309623      0.004524
candle_amplitude      478 -0.068530 0.154973 -0.442206  -9.668048     0.276151      0.002310
        hl_ratio      478 -0.068530 0.154973 -0.442206  -9.668048     0.276151      0.002310
       ma60_bias      478 -0.060521 0.161513 -0.374712  -8.192400     0.359833      0.009988
      boll_pct_b      478 -0.060471 0.145615 -0.415282  -9.079391     0.317992      0.004545
          rsi_14      478 -0.057254 0.146566 -0.390637  -8.540580     0.351464      0.003878
          roc_20      478 -0.056997 0.155112 -0.367456  -8.033779     0.343096      0.005588
          cci_14      478 -0.055344 0.146987 -0.376525  -8.232053     0.336820      0.005461
      boll_width      478 -0.052034 0.164039 -0.317205  -6.935109     0.317992      0.004545
          roc_10      478 -0.050821 0.157199 -0.323290  -7.068165     0.357741      0.004299
       macd_hist      478 -0.049276 0.130577 -0.377372  -8.250557     0.364017      0.006368
     ma5_10_diff      478 -0.047769 0.126168 -0.378613  -8.277688     0.324268      0.003243
    shadow_upper      478 -0.047541 0.109335 -0.434818  -9.506522     0.290795      0.002310
         pv_corr      478 -0.046782 0.116804 -0.400515  -8.756552     0.320084      0.003290
        macd_dif      478 -0.046592 0.133652 -0.348611  -7.621754     0.368201      0.005311
      pv_corr_20      478 -0.046266 0.117199 -0.394765  -8.630832     0.332636      0.007795
           roc_5      478 -0.045661 0.153906 -0.296684  -6.486457     0.382845      0.003439
          mfi_14      478 -0.044963 0.126333 -0.355907  -7.781280     0.353556      0.003752
       william_r      478 -0.041522 0.138470 -0.299860  -6.555905     0.372385      0.003772

IC Distribution Quantiles (per factor)
          factor    ic_p05    ic_p25    ic_p50   ic_p75   ic_p95
 hl_ratio_smooth -0.343828 -0.200108 -0.096571 0.017577 0.222268
          vol_20 -0.334396 -0.199236 -0.081537 0.028513 0.234642
candle_amplitude -0.297106 -0.165228 -0.088460 0.013861 0.188080
        hl_ratio -0.297106 -0.165228 -0.088460 0.013861 0.188080
       ma60_bias -0.310643 -0.156820 -0.059948 0.050169 0.160951
      boll_pct_b -0.288145 -0.143324 -0.057245 0.018964 0.164154
          rsi_14 -0.279529 -0.141511 -0.054984 0.033555 0.164899
          roc_20 -0.279414 -0.142497 -0.056738 0.032675 0.172019
          cci_14 -0.294859 -0.135554 -0.053814 0.028994 0.166359
      boll_width -0.279333 -0.156727 -0.075890 0.038436 0.206315
          roc_10 -0.283636 -0.137730 -0.048160 0.030836 0.200154
       macd_hist -0.242144 -0.137091 -0.050825 0.038922 0.167476
     ma5_10_diff -0.230727 -0.130642 -0.050663 0.032410 0.174224
    shadow_upper -0.212368 -0.115126 -0.055359 0.011517 0.128687
         pv_corr -0.211014 -0.118853 -0.050667 0.027073 0.145490
        macd_dif -0.256241 -0.142357 -0.043503 0.043876 0.173953
      pv_corr_20 -0.242102 -0.119719 -0.044386 0.026563 0.139328
           roc_5 -0.302334 -0.131145 -0.039826 0.046202 0.177441
          mfi_14 -0.239604 -0.122684 -0.051426 0.035834 0.155819
       william_r -0.258302 -0.112822 -0.035685 0.039928 0.154094

All Factors
          factor  n_dates   ic_mean   ic_std        ir     t_stat  ic_pos_rate    ic_p05    ic_p50   ic_p95  missing_rate
 hl_ratio_smooth      478 -0.081385 0.179902 -0.452385  -9.890589     0.282427 -0.343828 -0.096571 0.222268      0.003470
          vol_20      478 -0.077140 0.168542 -0.457686 -10.006484     0.309623 -0.334396 -0.081537 0.234642      0.004524
candle_amplitude      478 -0.068530 0.154973 -0.442206  -9.668048     0.276151 -0.297106 -0.088460 0.188080      0.002310
        hl_ratio      478 -0.068530 0.154973 -0.442206  -9.668048     0.276151 -0.297106 -0.088460 0.188080      0.002310
       ma60_bias      478 -0.060521 0.161513 -0.374712  -8.192400     0.359833 -0.310643 -0.059948 0.160951      0.009988
      boll_pct_b      478 -0.060471 0.145615 -0.415282  -9.079391     0.317992 -0.288145 -0.057245 0.164154      0.004545
          rsi_14      478 -0.057254 0.146566 -0.390637  -8.540580     0.351464 -0.279529 -0.054984 0.164899      0.003878
          roc_20      478 -0.056997 0.155112 -0.367456  -8.033779     0.343096 -0.279414 -0.056738 0.172019      0.005588
          cci_14      478 -0.055344 0.146987 -0.376525  -8.232053     0.336820 -0.294859 -0.053814 0.166359      0.005461
      boll_width      478 -0.052034 0.164039 -0.317205  -6.935109     0.317992 -0.279333 -0.075890 0.206315      0.004545
          roc_10      478 -0.050821 0.157199 -0.323290  -7.068165     0.357741 -0.283636 -0.048160 0.200154      0.004299
       macd_hist      478 -0.049276 0.130577 -0.377372  -8.250557     0.364017 -0.242144 -0.050825 0.167476      0.006368
     ma5_10_diff      478 -0.047769 0.126168 -0.378613  -8.277688     0.324268 -0.230727 -0.050663 0.174224      0.003243
    shadow_upper      478 -0.047541 0.109335 -0.434818  -9.506522     0.290795 -0.212368 -0.055359 0.128687      0.002310
         pv_corr      478 -0.046782 0.116804 -0.400515  -8.756552     0.320084 -0.211014 -0.050667 0.145490      0.003290
        macd_dif      478 -0.046592 0.133652 -0.348611  -7.621754     0.368201 -0.256241 -0.043503 0.173953      0.005311
      pv_corr_20      478 -0.046266 0.117199 -0.394765  -8.630832     0.332636 -0.242102 -0.044386 0.139328      0.007795
           roc_5      478 -0.045661 0.153906 -0.296684  -6.486457     0.382845 -0.302334 -0.039826 0.177441      0.003439
          mfi_14      478 -0.044963 0.126333 -0.355907  -7.781280     0.353556 -0.239604 -0.051426 0.155819      0.003752
       william_r      478 -0.041522 0.138470 -0.299860  -6.555905     0.372385 -0.258302 -0.035685 0.154094      0.003772
           kdj_k      478 -0.038430 0.146340 -0.262610  -5.741494     0.389121 -0.259972 -0.035977 0.181121      0.003117
           vr_24      478 -0.037412 0.120834 -0.309613  -6.769136     0.397490 -0.215051 -0.031886 0.146924      0.005049
           kdj_j      478 -0.036619 0.143609 -0.254994  -5.574980     0.430962 -0.259410 -0.025804 0.181685      0.003117
 candle_body_abs      478 -0.035972 0.122396 -0.293900  -6.425588     0.326360 -0.218622 -0.044953 0.148909      0.002310
           kdj_d      478 -0.035840 0.145142 -0.246931  -5.398696     0.405858 -0.254289 -0.030281 0.192821      0.003117
        macd_dea      478 -0.034087 0.132827 -0.256625  -5.610640     0.420502 -0.252820 -0.024858 0.177859      0.006368
        ma5_bias      478 -0.033621 0.153858 -0.218518  -4.777498     0.418410 -0.275070 -0.027152 0.189171      0.002699
          psy_12      478 -0.029293 0.114944 -0.254843  -5.571686     0.374477 -0.206972 -0.035133 0.166699      0.003496
        beta_hml      478  0.023729 0.189799  0.125021   2.733364     0.541841 -0.287960  0.015688 0.350054      0.018616
    shadow_lower      478 -0.022582 0.103941 -0.217254  -4.749871     0.372385 -0.170586 -0.027990 0.143878      0.002310
        beta_smb      478  0.021081 0.228412  0.092293   2.017817     0.539749 -0.367712  0.029689 0.363364      0.018616
     candle_body      478 -0.020640 0.144222 -0.143111  -3.128873     0.441423 -0.249400 -0.025097 0.187127      0.002310
        rsi_rate      478 -0.018377 0.141652 -0.129733  -2.836374     0.424686 -0.238537 -0.020037 0.200003      0.004263
       ret_lag_5      478 -0.018170 0.140207 -0.129597  -2.833407     0.437238 -0.219636 -0.019989 0.205738      0.003438
 turnover_bias_5      478 -0.016699 0.087226 -0.191445  -4.185609     0.380753 -0.154201 -0.021326 0.138436      0.003511
       ret_lag_1      478 -0.016022 0.149679 -0.107041  -2.340267     0.468619 -0.253694 -0.012599 0.198480      0.002599
       ret_lag_4      478 -0.014328 0.146043 -0.098109  -2.144968     0.468619 -0.238126 -0.007177 0.207919      0.003236
       ret_lag_2      478 -0.011836 0.153676 -0.077021  -1.683933     0.479079 -0.267043 -0.009592 0.221634      0.002817
       ret_lag_3      478 -0.010360 0.149966 -0.069085  -1.510409     0.489540 -0.240562 -0.003091 0.211455      0.003028
        beta_mkt      478 -0.008883 0.187151 -0.047463  -1.037687     0.489540 -0.329796 -0.006652 0.301716      0.018616


Factor Quality Summary (2023 Only, Top 20)
Date Range: 20230101 ~ 20231231
Target: ret_fwd_5d = close(T+5)/close(T)-1 (per stock), factors shifted by 1 day
Factors Source: /Users/zhuzhuxia/Documents/SZU_w4/factors_data/all_factors_20200101_20241231.parquet
Price Source: /Users/zhuzhuxia/Documents/SZU_w4/pre_data/cleaned_stock_data.parquet
Computed At: 2025-12-27 22:14:59

Total Factors Evaluated: 40

Top Factors (sorted by |IC_mean|, then IR)
          factor  n_dates   ic_mean   ic_std        ir    t_stat  ic_pos_rate  missing_rate
 hl_ratio_smooth      241 -0.095976 0.158172 -0.606784 -9.419815     0.257261      0.005799
          vol_20      241 -0.092585 0.149874 -0.617754 -9.590122     0.265560      0.008205
candle_amplitude      241 -0.082846 0.137224 -0.603726 -9.372350     0.257261      0.004391
        hl_ratio      241 -0.082846 0.137224 -0.603726 -9.372350     0.257261      0.004391
      boll_width      241 -0.064694 0.135441 -0.477652 -7.415149     0.315353      0.008235
          roc_10      241 -0.059638 0.128821 -0.462954 -7.186978     0.311203      0.007238
      boll_pct_b      241 -0.059155 0.127864 -0.462636 -7.182043     0.302905      0.008235
          cci_14      241 -0.058040 0.130938 -0.443261 -6.881268     0.307054      0.009791
    shadow_upper      241 -0.056915 0.099369 -0.572757 -8.891580     0.278008      0.004391
       macd_hist      241 -0.053119 0.113767 -0.466910 -7.248392     0.331950      0.011335
          mfi_14      241 -0.052823 0.117374 -0.450045 -6.986571     0.315353      0.006894
          rsi_14      241 -0.050067 0.131749 -0.380017 -5.899448     0.352697      0.007108
          roc_20      241 -0.047343 0.128218 -0.369243 -5.732193     0.360996      0.009430
     ma5_10_diff      241 -0.047242 0.122071 -0.387002 -6.007889     0.307054      0.006044
           kdj_d      241 -0.047018 0.124094 -0.378890 -5.881953     0.369295      0.005833
       ma60_bias      241 -0.045268 0.131769 -0.343545 -5.333250     0.369295      0.017473
           kdj_k      241 -0.044572 0.128479 -0.346925 -5.385724     0.340249      0.005833
       william_r      241 -0.043732 0.122079 -0.358229 -5.561207     0.348548      0.006924
          psy_12      241 -0.042395 0.097397 -0.435282 -6.757388     0.327801      0.006466
        macd_dif      241 -0.042250 0.128706 -0.328265 -5.096050     0.369295      0.009541


Factor Quality Summary (2024 Only, Top 20)
Date Range: 20240101 ~ 20241231
Target: ret_fwd_5d = close(T+5)/close(T)-1 (per stock), factors shifted by 1 day
Factors Source: /Users/zhuzhuxia/Documents/SZU_w4/factors_data/all_factors_20200101_20241231.parquet
Price Source: /Users/zhuzhuxia/Documents/SZU_w4/pre_data/cleaned_stock_data.parquet
Computed At: 2025-12-27 22:15:04

Total Factors Evaluated: 40

Top Factors (sorted by |IC_mean|, then IR)
          factor  n_dates   ic_mean   ic_std        ir    t_stat  ic_pos_rate  missing_rate
       ma60_bias      237 -0.076031 0.185982 -0.408807 -6.293504     0.350211      0.002501
          roc_20      237 -0.066814 0.178099 -0.375149 -5.775351     0.324895      0.001745
 hl_ratio_smooth      237 -0.066547 0.198832 -0.334692 -5.152512     0.308017      0.001139
          rsi_14      237 -0.064563 0.160187 -0.403045 -6.204805     0.350211      0.000647
      pv_corr_20      237 -0.063348 0.116333 -0.544546 -8.383172     0.261603      0.004343
         pv_corr      237 -0.061812 0.131496 -0.470063 -7.236524     0.295359      0.000478
      boll_pct_b      237 -0.061810 0.161947 -0.381670 -5.875730     0.333333      0.000853
          vol_20      237 -0.061433 0.184610 -0.332773 -5.122982     0.354430      0.000842
           roc_5      237 -0.055194 0.173994 -0.317216 -4.883475     0.345992      0.000970
candle_amplitude      237 -0.053973 0.170207 -0.317100 -4.881693     0.295359      0.000228
        hl_ratio      237 -0.053973 0.170207 -0.317100 -4.881693     0.295359      0.000228
          cci_14      237 -0.052603 0.161918 -0.324874 -5.001374     0.367089      0.001131
        macd_dif      237 -0.051009 0.138634 -0.367938 -5.664337     0.367089      0.001081
     ma5_10_diff      237 -0.048305 0.130460 -0.370268 -5.700206     0.341772      0.000442
       macd_hist      237 -0.045368 0.145840 -0.311084 -4.789077     0.396624      0.001400
        ma5_bias      237 -0.043534 0.171958 -0.253168 -3.897466     0.400844      0.000297
          roc_10      237 -0.041855 0.181412 -0.230716 -3.551832     0.405063      0.001359
           vr_24      237 -0.039887 0.126585 -0.315100 -4.850904     0.434599      0.001000
           kdj_j      237 -0.039406 0.153422 -0.256845 -3.954075     0.464135      0.000400
        macd_dea      237 -0.039328 0.138277 -0.284413 -4.378475     0.421941      0.001400


Factor Correlation (|corr| Top 30)
        factor_a        factor_b     corr  n_overlap
candle_amplitude        hl_ratio 1.000000     718294
        macd_dea        macd_dif 0.953442     715372
      boll_pct_b          cci_14 0.935361     716024
           kdj_d           kdj_k 0.918433     717713
           kdj_k       william_r 0.895781     717241
           kdj_j           kdj_k 0.890943     717713
      boll_pct_b       william_r 0.875189     716685
     candle_body       ret_lag_1 0.872792     718086
      boll_pct_b          rsi_14 0.866127     716685
           kdj_j       william_r 0.841038     717241
       ma60_bias          roc_20 0.830519     712095
          cci_14       william_r 0.821494     716024
     ma5_10_diff       macd_hist 0.813999     715372
      boll_pct_b           kdj_k 0.808807     716685
          cci_14           kdj_k 0.789868     716025
           kdj_d       william_r 0.788986     717241
          cci_14          rsi_14 0.780624     716025
       ma60_bias          rsi_14 0.776325     712766
          rsi_14       william_r 0.774774     717150
          cci_14           kdj_j 0.774663     716025
candle_amplitude candle_body_abs 0.774499     718294
 candle_body_abs        hl_ratio 0.774499     718294
          roc_20          rsi_14 0.758504     715934
           kdj_k          rsi_14 0.753036     717165
           kdj_d          rsi_14 0.737835     717165
        ma5_bias           roc_5 0.736754     717481
      boll_pct_b           kdj_j 0.736259     716685
          roc_10          rsi_14 0.735727     716496
      boll_pct_b           kdj_d 0.733762     716685
      boll_pct_b          roc_10 0.717753     716031
